TIMESTAMP,TRACK_ID,OBJECT_TYPE,X,Y,CITY_NAME
9.734422398731114,8388,OTHERS,-124.6526336669922,110.97722625732422,Town05
9.734422398731114,8385,OTHERS,-124.60750579833984,117.81327056884766,Town05
9.734422398731114,8380,AV,-132.34486389160156,135.16831970214844,Town05
9.734422398731114,8306,OTHERS,-126.14608001708984,128.99110412597656,Town05
9.734422398731114,8284,OTHERS,-119.1360092163086,118.12191772460938,Town05
9.734422398731114,8241,OTHERS,-126.96544647216795,119.08385467529295,Town05
9.734422398731114,8174,OTHERS,-153.62969970703125,147.50306701660156,Town05
9.734422398731114,8160,AGENT,-129.22245788574222,137.44966125488278,Town05
9.784422399476169,8388,OTHERS,-124.6526336669922,110.97722625732422,Town05
9.784422399476169,8385,OTHERS,-124.60749816894531,117.8134994506836,Town05
9.784422399476169,8380,AV,-132.34486389160156,135.16831970214844,Town05
9.784422399476169,8306,OTHERS,-126.14608001708984,128.99110412597656,Town05
9.784422399476169,8284,OTHERS,-119.13567352294922,117.9204559326172,Town05
9.784422399476169,8241,OTHERS,-126.97093200683594,119.37458801269531,Town05
9.784422399476169,8174,OTHERS,-153.83108520507812,147.49644470214844,Town05
9.784422399476169,8160,AGENT,-129.32307434082028,137.71202087402344,Town05
9.834422400221227,8388,OTHERS,-124.6526336669922,110.97722625732422,Town05
9.834422400221227,8385,OTHERS,-124.60768127441406,117.80841827392578,Town05
9.834422400221227,8380,AV,-132.34486389160156,135.16831970214844,Town05
9.834422400221227,8306,OTHERS,-126.14608001708984,128.99110412597656,Town05
9.834422400221227,8284,OTHERS,-119.13540649414062,117.718994140625,Town05
9.834422400221227,8241,OTHERS,-126.9762954711914,119.66635131835938,Town05
9.834422400221227,8174,OTHERS,-154.03244018554688,147.48974609375,Town05
9.834422400221227,8160,AGENT,-129.43431091308594,137.97138977050778,Town05
9.884422400966287,8388,OTHERS,-124.6526336669922,110.97722625732422,Town05
9.884422400966287,8385,OTHERS,-124.60775756835938,117.8066635131836,Town05
9.884422400966287,8380,AV,-132.34486389160156,135.16831970214844,Town05
9.884422400966287,8306,OTHERS,-126.14608001708984,128.99110412597656,Town05
9.884422400966287,8284,OTHERS,-119.13512420654295,117.51752471923828,Town05
9.884422400966287,8241,OTHERS,-126.98200988769531,119.95115661621094,Town05
9.884422400966287,8174,OTHERS,-154.2338104248047,147.4830780029297,Town05
9.884422400966287,8160,AGENT,-129.55537414550778,138.22653198242188,Town05
9.934422401711343,8388,OTHERS,-124.6526336669922,110.97722625732422,Town05
9.934422401711343,8385,OTHERS,-124.6077880859375,117.80587768554688,Town05
9.934422401711343,8380,AV,-132.34486389160156,135.16831970214844,Town05
9.934422401711343,8306,OTHERS,-126.14608001708984,128.99110412597656,Town05
9.934422401711343,8284,OTHERS,-119.13488006591795,117.3160629272461,Town05
9.934422401711343,8241,OTHERS,-126.98722076416016,120.22616577148438,Town05
9.934422401711343,8174,OTHERS,-154.43516540527344,147.47640991210938,Town05
9.934422401711343,8160,AGENT,-129.68601989746094,138.47843933105472,Town05
9.984422402456405,8388,OTHERS,-124.6526336669922,110.97722625732422,Town05
9.984422402456405,8385,OTHERS,-124.60784912109376,117.80162811279295,Town05
9.984422402456405,8380,AV,-132.34486389160156,135.16831970214844,Town05
9.984422402456405,8306,OTHERS,-126.14608001708984,128.99110412597656,Town05
9.984422402456405,8284,OTHERS,-119.13461303710938,117.11459350585938,Town05
9.984422402456405,8241,OTHERS,-126.99119567871094,120.46639251708984,Town05
9.984422402456405,8174,OTHERS,-154.63653564453125,147.46983337402344,Town05
9.984422402456405,8160,AGENT,-129.82499694824222,138.726806640625,Town05
10.03442240320146,8388,OTHERS,-124.6526336669922,110.97722625732422,Town05
10.03442240320146,8385,OTHERS,-124.60789489746094,117.80040740966795,Town05
10.03442240320146,8380,AV,-132.34486389160156,135.16831970214844,Town05
10.03442240320146,8306,OTHERS,-126.14608001708984,128.99110412597656,Town05
10.03442240320146,8284,OTHERS,-119.13439178466795,116.9131317138672,Town05
10.03442240320146,8241,OTHERS,-126.99453735351562,120.65210723876952,Town05
10.03442240320146,8174,OTHERS,-154.837890625,147.46324157714844,Town05
10.03442240320146,8160,AGENT,-129.97331237792972,138.97198486328122,Town05
10.08442240394652,8388,OTHERS,-124.6526336669922,110.97722625732422,Town05
10.08442240394652,8385,OTHERS,-124.60791015625,117.80036926269531,Town05
10.08442240394652,8380,AV,-132.34486389160156,135.16831970214844,Town05
10.08442240394652,8306,OTHERS,-126.14608001708984,128.99110412597656,Town05
10.08442240394652,8284,OTHERS,-119.13414764404295,116.711669921875,Town05
10.08442240394652,8241,OTHERS,-126.99701690673828,120.78433227539062,Town05
10.08442240394652,8174,OTHERS,-155.0392608642578,147.45668029785156,Town05
10.08442240394652,8160,AGENT,-130.13050842285156,139.213134765625,Town05
10.134422404691575,8388,OTHERS,-124.6526336669922,110.97722625732422,Town05
10.134422404691575,8385,OTHERS,-124.60791015625,117.8003387451172,Town05
10.134422404691575,8380,AV,-132.34486389160156,135.16831970214844,Town05
10.134422404691575,8325,OTHERS,-130.55133056640622,107.75833129882812,Town05
10.134422404691575,8306,OTHERS,-126.14608001708984,128.99110412597656,Town05
10.134422404691575,8284,OTHERS,-119.1339340209961,116.51020050048828,Town05
10.134422404691575,8241,OTHERS,-126.99857330322266,120.86483001708984,Town05
10.134422404691575,8174,OTHERS,-155.24061584472656,147.45005798339844,Town05
10.134422404691575,8160,AGENT,-130.29655456542972,139.45082092285156,Town05
10.184422405436637,8388,OTHERS,-124.6526336669922,110.97722625732422,Town05
10.184422405436637,8385,OTHERS,-124.60791015625,117.80030059814452,Town05
10.184422405436637,8380,AV,-132.34486389160156,135.16831970214844,Town05
10.184422405436637,8325,OTHERS,-130.56304931640622,108.2648696899414,Town05
10.184422405436637,8306,OTHERS,-126.14608001708984,128.99110412597656,Town05
10.184422405436637,8284,OTHERS,-119.1340560913086,116.3087387084961,Town05
10.184422405436637,8241,OTHERS,-126.99927520751952,120.89225006103516,Town05
10.184422405436637,8174,OTHERS,-155.44198608398438,147.4434814453125,Town05
10.184422405436637,8160,AGENT,-130.47190856933594,139.68524169921878,Town05
10.234422406181693,8388,OTHERS,-124.6526336669922,110.97722625732422,Town05
10.234422406181693,8385,OTHERS,-124.60791015625,117.80023956298828,Town05
10.234422406181693,8380,AV,-132.34486389160156,135.16831970214844,Town05
10.234422406181693,8325,OTHERS,-130.57528686523438,108.77273559570312,Town05
10.234422406181693,8306,OTHERS,-126.14608001708984,128.99110412597656,Town05
10.234422406181693,8284,OTHERS,-119.13445281982422,116.10726928710938,Town05
10.234422406181693,8241,OTHERS,-126.9992904663086,120.89231872558594,Town05
10.234422406181693,8174,OTHERS,-155.6433563232422,147.43685913085938,Town05
10.234422406181693,8160,AGENT,-130.65621948242188,139.91583251953122,Town05
10.284422406926753,8388,OTHERS,-124.6526336669922,110.97722625732422,Town05
10.284422406926753,8385,OTHERS,-124.60791015625,117.80020904541016,Town05
10.284422406926753,8380,AV,-132.34486389160156,135.16831970214844,Town05
10.284422406926753,8325,OTHERS,-130.58686828613278,109.27924346923828,Town05
10.284422406926753,8306,OTHERS,-126.14608001708984,128.99110412597656,Town05
10.284422406926753,8284,OTHERS,-119.13494110107422,115.9058074951172,Town05
10.284422406926753,8241,OTHERS,-126.9993133544922,120.89327239990234,Town05
10.284422406926753,8174,OTHERS,-155.8447265625,147.43023681640625,Town05
10.284422406926753,8160,AGENT,-130.84869384765622,140.14231872558594,Town05
10.334422407671811,8388,OTHERS,-124.6526336669922,110.97722625732422,Town05
10.334422407671811,8385,OTHERS,-124.60791015625,117.80018615722656,Town05
10.334422407671811,8380,AV,-132.34486389160156,135.16831970214844,Town05
10.334422407671811,8325,OTHERS,-130.59828186035156,109.78185272216795,Town05
10.334422407671811,8306,OTHERS,-126.14608001708984,128.99110412597656,Town05
10.334422407671811,8284,OTHERS,-119.13557434082031,115.704345703125,Town05
10.334422407671811,8241,OTHERS,-126.99934387207031,120.8944091796875,Town05
10.334422407671811,8174,OTHERS,-156.0460968017578,147.4235382080078,Town05
10.334422407671811,8160,AGENT,-131.05007934570312,140.36494445800778,Town05
10.384422408416867,8388,OTHERS,-124.6526336669922,110.97722625732422,Town05
10.384422408416867,8385,OTHERS,-124.60791015625,117.80016326904295,Town05
10.384422408416867,8380,AV,-132.34486389160156,135.16831970214844,Town05
10.384422408416867,8325,OTHERS,-130.60855102539062,110.27860260009766,Town05
10.384422408416867,8306,OTHERS,-126.14608001708984,128.99110412597656,Town05
10.384422408416867,8284,OTHERS,-119.13624572753906,115.50287628173828,Town05
10.384422408416867,8241,OTHERS,-126.99937438964844,120.8954849243164,Town05
10.384422408416867,8174,OTHERS,-156.24746704101562,147.4168243408203,Town05
10.384422408416867,8160,AGENT,-131.25996398925778,140.58345031738278,Town05
10.434422409161924,8388,OTHERS,-124.6526336669922,110.97722625732422,Town05
10.434422409161924,8385,OTHERS,-124.60791015625,117.80015563964844,Town05
10.434422409161924,8380,AV,-132.34486389160156,135.16831970214844,Town05
10.434422409161924,8325,OTHERS,-130.61839294433594,110.7685546875,Town05
10.434422409161924,8306,OTHERS,-126.14608001708984,128.99110412597656,Town05
10.434422409161924,8284,OTHERS,-119.1370086669922,115.3014144897461,Town05
10.434422409161924,8241,OTHERS,-126.99940490722656,120.89634704589844,Town05
10.434422409161924,8174,OTHERS,-156.44883728027344,147.41006469726562,Town05
10.434422409161924,8160,AGENT,-131.47767639160156,140.7970733642578,Town05
10.484422409906985,8388,OTHERS,-124.6526336669922,110.97722625732422,Town05
10.484422409906985,8385,OTHERS,-124.60791015625,117.80015563964844,Town05
10.484422409906985,8380,AV,-132.34486389160156,135.16831970214844,Town05
10.484422409906985,8325,OTHERS,-130.62693786621094,111.25137329101562,Town05
10.484422409906985,8306,OTHERS,-126.14608001708984,128.99110412597656,Town05
10.484422409906985,8284,OTHERS,-119.13778686523438,115.09994506835938,Town05
10.484422409906985,8241,OTHERS,-126.99942016601562,120.89698791503906,Town05
10.484422409906985,8174,OTHERS,-156.65020751953125,147.4033203125,Town05
10.484422409906985,8160,AGENT,-131.70474243164062,141.00677490234375,Town05
10.53442241065204,8388,OTHERS,-124.6526336669922,110.97722625732422,Town05
10.53442241065204,8385,OTHERS,-124.60791015625,117.80015563964844,Town05
10.53442241065204,8380,AV,-132.34486389160156,135.16831970214844,Town05
10.53442241065204,8325,OTHERS,-130.63507080078122,111.72696685791016,Town05
10.53442241065204,8306,OTHERS,-126.14608001708984,128.99110412597656,Town05
10.53442241065204,8284,OTHERS,-119.1385726928711,114.8984832763672,Town05
10.53442241065204,8241,OTHERS,-126.99942779541016,120.8974609375,Town05
10.53442241065204,8174,OTHERS,-156.8515625,147.39651489257812,Town05
10.53442241065204,8160,AGENT,-131.93881225585938,141.21084594726562,Town05
10.5844224113971,8388,OTHERS,-124.6526336669922,110.97722625732422,Town05
10.5844224113971,8385,OTHERS,-124.60791015625,117.80014038085938,Town05
10.5844224113971,8380,AV,-132.34486389160156,135.16831970214844,Town05
10.5844224113971,8325,OTHERS,-130.64131164550778,112.19534301757812,Town05
10.5844224113971,8306,OTHERS,-126.14608001708984,128.99110412597656,Town05
10.5844224113971,8284,OTHERS,-119.13932037353516,114.697021484375,Town05
10.5844224113971,8241,OTHERS,-126.99944305419922,120.89777374267578,Town05
10.5844224113971,8174,OTHERS,-157.0529327392578,147.3897705078125,Town05
10.5844224113971,8160,AGENT,-132.18074035644528,141.40972900390625,Town05
10.63442241214216,8388,OTHERS,-124.6526336669922,110.97722625732422,Town05
10.63442241214216,8385,OTHERS,-124.60791015625,117.80014038085938,Town05
10.63442241214216,8380,AV,-132.34486389160156,135.16831970214844,Town05
10.63442241214216,8325,OTHERS,-130.64668273925778,112.65650939941406,Town05
10.63442241214216,8306,OTHERS,-126.14608001708984,128.99110412597656,Town05
10.63442241214216,8284,OTHERS,-119.14010620117188,114.49555206298828,Town05
10.63442241214216,8241,OTHERS,-126.99945068359376,120.89798736572266,Town05
10.63442241214216,8174,OTHERS,-157.25430297851562,147.3830108642578,Town05
10.63442241214216,8160,AGENT,-132.43119812011722,141.60403442382812,Town05
10.684422412887217,8388,OTHERS,-124.6526336669922,110.97722625732422,Town05
10.684422412887217,8385,OTHERS,-124.60791015625,117.80014038085938,Town05
10.684422412887217,8380,AV,-132.34486389160156,135.16831970214844,Town05
10.684422412887217,8325,OTHERS,-130.65055847167972,113.1107406616211,Town05
10.684422412887217,8306,OTHERS,-126.14608001708984,128.99110412597656,Town05
10.684422412887217,8284,OTHERS,-119.1408462524414,114.2940902709961,Town05
10.684422412887217,8241,OTHERS,-126.99945068359376,120.89810943603516,Town05
10.684422412887217,8174,OTHERS,-157.45567321777344,147.37628173828125,Town05
10.684422412887217,8160,AGENT,-132.68875122070312,141.7926788330078,Town05
10.734422413632274,8388,OTHERS,-124.6526336669922,110.97722625732422,Town05
10.734422413632274,8385,OTHERS,-124.60791015625,117.80014038085938,Town05
10.734422413632274,8380,AV,-132.34486389160156,135.16831970214844,Town05
10.734422413632274,8325,OTHERS,-130.65399169921878,113.55838012695312,Town05
10.734422413632274,8306,OTHERS,-126.14608001708984,128.99110412597656,Town05
10.734422413632274,8284,OTHERS,-119.1416244506836,114.09262084960938,Town05
10.734422413632274,8241,OTHERS,-126.99945068359376,120.89817810058594,Town05
10.734422413632274,8160,AGENT,-132.9541015625,141.97586059570312,Town05
10.784422414377332,8388,OTHERS,-124.6526336669922,110.97722625732422,Town05
10.784422414377332,8385,OTHERS,-124.60791015625,117.80013275146484,Town05
10.784422414377332,8380,AV,-132.34486389160156,135.16831970214844,Town05
10.784422414377332,8325,OTHERS,-130.65609741210938,113.99990844726562,Town05
10.784422414377332,8306,OTHERS,-126.14608001708984,128.99110412597656,Town05
10.784422414377332,8284,OTHERS,-119.14215850830078,113.91399383544922,Town05
10.784422414377332,8241,OTHERS,-126.99945068359376,120.8982162475586,Town05
10.784422414377332,8160,AGENT,-133.22625732421878,142.15293884277344,Town05
10.83442241512239,8388,OTHERS,-124.6526336669922,110.97722625732422,Town05
10.83442241512239,8385,OTHERS,-124.60791015625,117.80013275146484,Town05
10.83442241512239,8380,AV,-132.34486389160156,135.16831970214844,Town05
10.83442241512239,8325,OTHERS,-130.65802001953122,114.43582916259766,Town05
10.83442241512239,8306,OTHERS,-126.14608001708984,128.99110412597656,Town05
10.83442241512239,8284,OTHERS,-119.1426010131836,113.79113006591795,Town05
10.83442241512239,8241,OTHERS,-126.99945068359376,120.89824676513672,Town05
10.83442241512239,8160,AGENT,-133.50515747070312,142.3241729736328,Town05
10.884422415867448,8388,OTHERS,-124.6526336669922,110.97722625732422,Town05
10.884422415867448,8385,OTHERS,-124.60791015625,117.80013275146484,Town05
10.884422415867448,8380,AV,-132.34486389160156,135.16831970214844,Town05
10.884422415867448,8325,OTHERS,-130.6588134765625,114.86663055419922,Town05
10.884422415867448,8306,OTHERS,-126.14608001708984,128.99110412597656,Town05
10.884422415867448,8284,OTHERS,-119.14318084716795,113.6634750366211,Town05
10.884422415867448,8241,OTHERS,-126.99945068359376,120.89824676513672,Town05
10.884422415867448,8160,AGENT,-133.79063415527344,142.4894256591797,Town05
10.934422416612506,8388,OTHERS,-124.6526336669922,110.97722625732422,Town05
10.934422416612506,8385,OTHERS,-124.60791015625,117.80013275146484,Town05
10.934422416612506,8380,AV,-132.34486389160156,135.16831970214844,Town05
10.934422416612506,8325,OTHERS,-130.65962219238278,115.29280090332031,Town05
10.934422416612506,8306,OTHERS,-126.14608001708984,128.99110412597656,Town05
10.934422416612506,8284,OTHERS,-119.14378356933594,113.50509643554688,Town05
10.934422416612506,8241,OTHERS,-126.99945068359376,120.89826202392578,Town05
10.934422416612506,8160,AGENT,-134.08195495605472,142.64833068847656,Town05
10.984422417357564,8388,OTHERS,-124.6526336669922,110.97722625732422,Town05
10.984422417357564,8385,OTHERS,-124.60791015625,117.80013275146484,Town05
10.984422417357564,8380,AV,-132.34486389160156,135.16831970214844,Town05
10.984422417357564,8325,OTHERS,-130.65945434570312,115.7147216796875,Town05
10.984422417357564,8306,OTHERS,-126.14608001708984,128.99110412597656,Town05
10.984422417357564,8284,OTHERS,-119.14453125,113.35879516601562,Town05
10.984422417357564,8241,OTHERS,-126.99945068359376,120.89826965332031,Town05
10.984422417357564,8160,AGENT,-134.37985229492188,142.8008575439453,Town05
11.034422418102622,8388,OTHERS,-124.6526336669922,110.97722625732422,Town05
11.034422418102622,8385,OTHERS,-124.60791015625,117.80013275146484,Town05
11.034422418102622,8380,AV,-132.34486389160156,135.16831970214844,Town05
11.034422418102622,8325,OTHERS,-130.65945434570312,116.13275146484376,Town05
11.034422418102622,8306,OTHERS,-126.14608001708984,128.99110412597656,Town05
11.034422418102622,8284,OTHERS,-119.14485168457031,113.27570343017578,Town05
11.034422418102622,8241,OTHERS,-126.99945068359376,120.89826965332031,Town05
11.034422418102622,8160,AGENT,-134.68379211425778,142.94659423828125,Town05
11.08442241884768,8388,OTHERS,-124.6526336669922,110.97722625732422,Town05
11.08442241884768,8385,OTHERS,-124.60791015625,117.80013275146484,Town05
11.08442241884768,8380,AV,-132.34486389160156,135.16831970214844,Town05
11.08442241884768,8325,OTHERS,-130.65861511230472,116.547119140625,Town05
11.08442241884768,8306,OTHERS,-126.14608001708984,128.99110412597656,Town05
11.08442241884768,8284,OTHERS,-119.14486694335938,113.25732421875,Town05
11.08442241884768,8241,OTHERS,-126.99945068359376,120.89826965332031,Town05
11.08442241884768,8160,AGENT,-134.99314880371094,143.0854034423828,Town05
11.134422419592738,8388,OTHERS,-124.6526336669922,110.97722625732422,Town05
11.134422419592738,8385,OTHERS,-124.60791015625,117.80013275146484,Town05
11.134422419592738,8380,AV,-132.34486389160156,135.16831970214844,Town05
11.134422419592738,8325,OTHERS,-130.65805053710938,116.95794677734376,Town05
11.134422419592738,8306,OTHERS,-126.14608001708984,128.99110412597656,Town05
11.134422419592738,8284,OTHERS,-119.14488983154295,113.25806427001952,Town05
11.134422419592738,8241,OTHERS,-126.99945068359376,120.89826965332031,Town05
11.134422419592738,8160,AGENT,-135.30879211425778,143.2176971435547,Town05
11.184422420337796,8388,OTHERS,-124.6526336669922,110.97722625732422,Town05
11.184422420337796,8385,OTHERS,-124.60791015625,117.80013275146484,Town05
11.184422420337796,8380,AV,-132.34486389160156,135.16831970214844,Town05
11.184422420337796,8325,OTHERS,-130.65655517578122,117.36528778076172,Town05
11.184422420337796,8306,OTHERS,-126.14608001708984,128.99110412597656,Town05
11.184422420337796,8284,OTHERS,-119.1448974609375,113.26058959960938,Town05
11.184422420337796,8241,OTHERS,-126.99945068359376,120.89827728271484,Town05
11.184422420337796,8160,AGENT,-135.63037109375,143.343505859375,Town05
11.234422421082854,8388,OTHERS,-124.6526336669922,110.97722625732422,Town05
11.234422421082854,8385,OTHERS,-124.60791015625,117.80013275146484,Town05
11.234422421082854,8380,AV,-132.34486389160156,135.16831970214844,Town05
11.234422421082854,8325,OTHERS,-130.65530395507812,117.76909637451172,Town05
11.234422421082854,8306,OTHERS,-126.14608001708984,128.99110412597656,Town05
11.234422421082854,8284,OTHERS,-119.1449203491211,113.26336669921876,Town05
11.234422421082854,8241,OTHERS,-126.99945068359376,120.89827728271484,Town05
11.234422421082854,8160,AGENT,-135.95619201660156,143.4623260498047,Town05
11.284422421827912,8388,OTHERS,-124.6526336669922,110.97722625732422,Town05
11.284422421827912,8385,OTHERS,-124.60791015625,117.80013275146484,Town05
11.284422421827912,8380,AV,-132.34486389160156,135.16831970214844,Town05
11.284422421827912,8325,OTHERS,-130.65328979492188,118.16927337646484,Town05
11.284422421827912,8306,OTHERS,-126.14608001708984,128.99110412597656,Town05
11.284422421827912,8284,OTHERS,-119.1449203491211,113.2660140991211,Town05
11.284422421827912,8241,OTHERS,-126.99945068359376,120.89827728271484,Town05
11.284422421827912,8160,AGENT,-136.28662109375,143.57412719726562,Town05
11.33442242257297,8388,OTHERS,-124.6526336669922,110.97722625732422,Town05
11.33442242257297,8385,OTHERS,-124.60791015625,117.80013275146484,Town05
11.33442242257297,8380,AV,-132.34486389160156,135.16831970214844,Town05
11.33442242257297,8325,OTHERS,-130.65164184570312,118.56515502929688,Town05
11.33442242257297,8306,OTHERS,-126.14608001708984,128.99110412597656,Town05
11.33442242257297,8284,OTHERS,-119.14492797851562,113.26841735839844,Town05
11.33442242257297,8241,OTHERS,-126.99945068359376,120.89827728271484,Town05
11.33442242257297,8160,AGENT,-136.62150573730472,143.67880249023438,Town05
11.384422423318028,8388,OTHERS,-124.6526336669922,110.97722625732422,Town05
11.384422423318028,8385,OTHERS,-124.60791015625,117.80013275146484,Town05
11.384422423318028,8380,AV,-132.34486389160156,135.16831970214844,Town05
11.384422423318028,8325,OTHERS,-130.64930725097656,118.95378875732422,Town05
11.384422423318028,8306,OTHERS,-126.14608001708984,128.99110412597656,Town05
11.384422423318028,8284,OTHERS,-119.14491271972656,113.2704086303711,Town05
11.384422423318028,8241,OTHERS,-126.99945068359376,120.89827728271484,Town05
11.384422423318028,8160,AGENT,-136.96075439453122,143.77639770507812,Town05
11.434422424063088,8388,OTHERS,-124.6526336669922,110.97722625732422,Town05
11.434422424063088,8385,OTHERS,-124.60791015625,117.80013275146484,Town05
11.434422424063088,8380,AV,-132.34486389160156,135.16831970214844,Town05
11.434422424063088,8325,OTHERS,-130.64752197265622,119.33187103271484,Town05
11.434422424063088,8306,OTHERS,-126.14608001708984,128.99110412597656,Town05
11.434422424063088,8284,OTHERS,-119.14488220214844,113.27194213867188,Town05
11.434422424063088,8241,OTHERS,-126.99945068359376,120.89827728271484,Town05
11.434422424063088,8160,AGENT,-137.30412292480472,143.8669891357422,Town05
11.484422424808145,8388,OTHERS,-124.6526336669922,110.97722625732422,Town05
11.484422424808145,8385,OTHERS,-124.60791015625,117.80013275146484,Town05
11.484422424808145,8380,AV,-132.34486389160156,135.16831970214844,Town05
11.484422424808145,8325,OTHERS,-130.64512634277344,119.69793701171876,Town05
11.484422424808145,8306,OTHERS,-126.14608001708984,128.99110412597656,Town05
11.484422424808145,8284,OTHERS,-119.14488220214844,113.27300262451172,Town05
11.484422424808145,8241,OTHERS,-126.99945068359376,120.89827728271484,Town05
11.484422424808145,8160,AGENT,-137.65116882324222,143.95042419433594,Town05
11.534422425553204,8388,OTHERS,-124.6526336669922,110.97722625732422,Town05
11.534422425553204,8385,OTHERS,-124.60791015625,117.80013275146484,Town05
11.534422425553204,8380,AV,-132.34486389160156,135.16831970214844,Town05
11.534422425553204,8325,OTHERS,-130.64334106445312,120.05176544189452,Town05
11.534422425553204,8306,OTHERS,-126.14608001708984,128.99110412597656,Town05
11.534422425553204,8284,OTHERS,-119.14488220214844,113.273681640625,Town05
11.534422425553204,8241,OTHERS,-126.99945068359376,120.89827728271484,Town05
11.534422425553204,8160,AGENT,-138.00173950195312,144.02711486816406,Town05
11.58442242629826,8388,OTHERS,-124.6526336669922,110.97722625732422,Town05
11.58442242629826,8385,OTHERS,-124.60791015625,117.80013275146484,Town05
11.58442242629826,8380,AV,-132.34486389160156,135.16831970214844,Town05
11.58442242629826,8325,OTHERS,-130.64096069335938,120.3932113647461,Town05
11.58442242629826,8306,OTHERS,-126.14608001708984,128.99110412597656,Town05
11.58442242629826,8284,OTHERS,-119.14485931396484,113.2740707397461,Town05
11.58442242629826,8241,OTHERS,-126.99945068359376,120.89827728271484,Town05
11.58442242629826,8160,AGENT,-138.35609436035156,144.09716796875,Town05
11.63442242704332,8388,OTHERS,-124.6526336669922,110.97722625732422,Town05
11.63442242704332,8385,OTHERS,-124.60791015625,117.80013275146484,Town05
11.63442242704332,8380,AV,-132.34486389160156,135.16831970214844,Town05
11.63442242704332,8325,OTHERS,-130.63922119140622,120.7222900390625,Town05
11.63442242704332,8306,OTHERS,-126.14608001708984,128.99110412597656,Town05
11.63442242704332,8284,OTHERS,-119.14486694335938,113.27428436279295,Town05
11.63442242704332,8241,OTHERS,-126.99945068359376,120.89827728271484,Town05
11.63442242704332,8160,AGENT,-138.71343994140622,144.16053771972656,Town05
11.684422427788375,8388,OTHERS,-124.6526336669922,110.97722625732422,Town05
11.684422427788375,8385,OTHERS,-124.60791015625,117.80013275146484,Town05
11.684422427788375,8380,AV,-132.34486389160156,135.16831970214844,Town05
11.684422427788375,8325,OTHERS,-130.63636779785156,121.02339935302734,Town05
11.684422427788375,8306,OTHERS,-126.14608001708984,128.99110412597656,Town05
11.684422427788375,8284,OTHERS,-119.14485931396484,113.27438354492188,Town05
11.684422427788375,8241,OTHERS,-126.99945068359376,120.89827728271484,Town05
11.684422427788375,8160,AGENT,-139.07415771484378,144.2173309326172,Town05
11.734422428533435,8388,OTHERS,-124.6526336669922,110.97722625732422,Town05
11.734422428533435,8385,OTHERS,-124.60791015625,117.80013275146484,Town05
11.734422428533435,8380,AV,-132.34486389160156,135.16831970214844,Town05
11.734422428533435,8325,OTHERS,-130.63420104980472,121.28956604003906,Town05
11.734422428533435,8306,OTHERS,-126.14608001708984,128.99110412597656,Town05
11.734422428533435,8284,OTHERS,-119.14485168457031,113.2744140625,Town05
11.734422428533435,8241,OTHERS,-126.99945068359376,120.89827728271484,Town05
11.734422428533435,8160,AGENT,-139.43814086914062,144.26763916015625,Town05
11.784422429278493,8388,OTHERS,-124.6526336669922,110.97722625732422,Town05
11.784422429278493,8385,OTHERS,-124.60791015625,117.80013275146484,Town05
11.784422429278493,8380,AV,-132.34486389160156,135.16831970214844,Town05
11.784422429278493,8325,OTHERS,-130.63168334960938,121.55689239501952,Town05
11.784422429278493,8306,OTHERS,-126.14608001708984,128.99110412597656,Town05
11.784422429278493,8284,OTHERS,-119.14485168457031,113.2744140625,Town05
11.784422429278493,8241,OTHERS,-126.99945068359376,120.89827728271484,Town05
11.784422429278493,8160,AGENT,-139.80538940429688,144.31158447265625,Town05
11.834422430023553,8388,OTHERS,-124.6526336669922,110.97722625732422,Town05
11.834422430023553,8385,OTHERS,-124.60791015625,117.80013275146484,Town05
11.834422430023553,8380,AV,-132.34486389160156,135.16831970214844,Town05
11.834422430023553,8325,OTHERS,-130.63003540039062,121.82273864746094,Town05
11.834422430023553,8306,OTHERS,-126.14608001708984,128.99110412597656,Town05
11.834422430023553,8284,OTHERS,-119.14484405517578,113.2744140625,Town05
11.834422430023553,8241,OTHERS,-126.99945068359376,120.89827728271484,Town05
11.834422430023553,8160,AGENT,-140.17552185058594,144.3492889404297,Town05
11.884422430768607,8388,OTHERS,-124.6526336669922,110.97722625732422,Town05
11.884422430768607,8385,OTHERS,-124.60791015625,117.80013275146484,Town05
11.884422430768607,8380,AV,-132.34486389160156,135.16831970214844,Town05
11.884422430768607,8325,OTHERS,-130.62779235839844,122.08699798583984,Town05
11.884422430768607,8306,OTHERS,-126.14608001708984,128.99110412597656,Town05
11.884422430768607,8284,OTHERS,-119.1448211669922,113.2744140625,Town05
11.884422430768607,8241,OTHERS,-126.99945068359376,120.89827728271484,Town05
11.884422430768607,8160,AGENT,-140.54861450195312,144.38064575195312,Town05
11.934422431513667,8388,OTHERS,-124.6526336669922,110.97722625732422,Town05
11.934422431513667,8385,OTHERS,-124.60791015625,117.80013275146484,Town05
11.934422431513667,8380,AV,-132.34486389160156,135.16831970214844,Town05
11.934422431513667,8325,OTHERS,-130.62625122070312,122.3510513305664,Town05
11.934422431513667,8306,OTHERS,-126.14608001708984,128.99110412597656,Town05
11.934422431513667,8284,OTHERS,-119.14481353759766,113.2744140625,Town05
11.934422431513667,8241,OTHERS,-126.99945068359376,120.89827728271484,Town05
11.934422431513667,8160,AGENT,-140.92453002929688,144.4057159423828,Town05
11.984422432258725,8388,OTHERS,-124.6526336669922,110.97722625732422,Town05
11.984422432258725,8385,OTHERS,-124.60791015625,117.80013275146484,Town05
11.984422432258725,8380,AV,-132.34486389160156,135.16831970214844,Town05
11.984422432258725,8325,OTHERS,-130.62405395507812,122.6164779663086,Town05
11.984422432258725,8306,OTHERS,-126.14608001708984,128.99110412597656,Town05
11.984422432258725,8284,OTHERS,-119.1447982788086,113.2744140625,Town05
11.984422432258725,8241,OTHERS,-126.99945068359376,120.89827728271484,Town05
11.984422432258725,8160,AGENT,-141.30307006835938,144.4247589111328,Town05
12.034422433003785,8388,OTHERS,-124.6526336669922,110.97722625732422,Town05
12.034422433003785,8385,OTHERS,-124.60791015625,117.80013275146484,Town05
12.034422433003785,8380,AV,-132.34486389160156,135.16831970214844,Town05
12.034422433003785,8325,OTHERS,-130.62245178222656,122.8842544555664,Town05
12.034422433003785,8306,OTHERS,-126.14608001708984,128.99110412597656,Town05
12.034422433003785,8284,OTHERS,-119.1447982788086,113.2744140625,Town05
12.034422433003785,8241,OTHERS,-126.99945068359376,120.89827728271484,Town05
12.034422433003785,8160,AGENT,-141.68411254882812,144.43788146972656,Town05
12.08442243374884,8388,OTHERS,-124.6526336669922,110.97722625732422,Town05
12.08442243374884,8385,OTHERS,-124.60791015625,117.80013275146484,Town05
12.08442243374884,8380,AV,-132.34486389160156,135.16831970214844,Town05
12.08442243374884,8356,OTHERS,-100.01490020751952,144.24412536621094,Town05
12.08442243374884,8325,OTHERS,-130.62025451660156,123.15145111083984,Town05
12.08442243374884,8306,OTHERS,-126.14608001708984,128.99110412597656,Town05
12.08442243374884,8284,OTHERS,-119.14479064941406,113.2744140625,Town05
12.08442243374884,8241,OTHERS,-126.99945068359376,120.89827728271484,Town05
12.08442243374884,8160,AGENT,-142.06741333007812,144.44505310058594,Town05
12.1344224344939,8388,OTHERS,-124.6526336669922,110.97722625732422,Town05
12.1344224344939,8385,OTHERS,-124.60791015625,117.80013275146484,Town05
12.1344224344939,8380,AV,-132.34486389160156,135.16831970214844,Town05
12.1344224344939,8356,OTHERS,-100.3013687133789,144.24290466308594,Town05
12.1344224344939,8325,OTHERS,-130.61882019042972,123.41291809082031,Town05
12.1344224344939,8306,OTHERS,-126.14608001708984,128.99110412597656,Town05
12.1344224344939,8284,OTHERS,-119.14479064941406,113.2744140625,Town05
12.1344224344939,8241,OTHERS,-126.99945068359376,120.89827728271484,Town05
12.1344224344939,8160,AGENT,-142.45297241210938,144.4464111328125,Town05
12.184422435238956,8388,OTHERS,-124.6526336669922,110.97722625732422,Town05
12.184422435238956,8385,OTHERS,-124.60791015625,117.80013275146484,Town05
12.184422435238956,8380,AV,-132.34486389160156,135.16831970214844,Town05
12.184422435238956,8356,OTHERS,-100.58535766601562,144.24122619628906,Town05
12.184422435238956,8325,OTHERS,-130.61680603027344,123.66629791259766,Town05
12.184422435238956,8306,OTHERS,-126.14608001708984,128.99110412597656,Town05
12.184422435238956,8284,OTHERS,-119.14479064941406,113.2744140625,Town05
12.184422435238956,8241,OTHERS,-126.99945068359376,120.89827728271484,Town05
12.184422435238956,8160,AGENT,-142.8405303955078,144.44216918945312,Town05
